20220404T115419,1,25.80,43.80
20220404T115421,1,25.80,44.30
20220404T115422,1,25.70,44.00
20220404T115424,1,25.70,44.00
20220404T115425,1,25.80,44.60
20220404T115426,1,25.60,44.00
20220404T115428,1,25.80,43.50
20220404T115429,1,25.80,44.00
20220404T115431,1,25.70,44.30
20220404T115432,1,25.80,44.10
20220404T115434,1,25.70,44.00
20220404T115435,1,25.70,44.00
20220404T115437,1,25.80,44.20
20220404T115438,1,25.60,44.60
20220404T115440,1,25.80,43.90
20220404T115441,1,25.80,44.00
20220404T115443,1,25.80,44.30
20220404T115444,1,25.80,44.40
20220404T115446,1,25.70,43.90
20220404T115447,1,25.70,44.50
20220404T115448,1,25.70,43.80
20220404T115450,1,25.70,44.20
20220404T115451,1,25.80,44.00
20220404T115453,1,25.70,44.10
20220404T115454,1,25.70,43.40
20220404T115456,1,25.80,44.40
20220404T115457,1,25.80,44.10
20220404T115459,1,25.80,43.70
20220404T115500,1,25.80,43.40
20220404T115502,1,25.70,44.00
20220404T115503,1,25.80,43.90
20220404T115505,1,25.80,43.70
20220404T115506,1,25.80,44.30
20220404T115508,1,25.80,44.30
20220404T115509,1,25.80,43.70
20220404T115510,1,25.80,44.00
20220404T115512,1,25.80,44.30
20220404T115513,1,25.80,44.30
20220404T115515,1,25.70,43.80
20220404T115516,1,25.70,44.30
20220404T115518,1,25.80,44.00
20220404T115519,1,25.80,43.80
20220404T115521,1,25.80,44.00
20220404T115522,1,25.80,44.10
20220404T115524,1,25.80,44.00
20220404T115525,1,25.80,44.00
20220404T115527,1,25.90,43.70
20220404T115528,1,25.70,44.30
20220404T115530,1,25.80,44.00
20220404T115531,1,25.70,44.40
20220404T115532,1,25.80,43.70
20220404T115534,1,25.80,43.80
20220404T115535,1,25.80,44.00
20220404T115537,1,25.80,43.70
20220404T115538,1,25.80,44.20
20220404T115540,1,25.80,43.90
20220404T115541,1,25.80,43.80
20220404T115543,1,25.80,43.60
20220404T115544,1,25.80,44.20
20220404T115546,1,25.80,44.10
20220404T115547,1,25.80,43.60
20220404T115549,1,25.80,43.70
20220404T115550,2,25.80,44.00
20220404T115552,2,25.80,43.90
20220404T115553,2,25.90,43.70
20220404T115555,2,25.90,44.00
20220404T115556,2,25.70,43.90
20220404T115557,2,25.80,43.60
20220404T115559,2,25.90,44.00
20220404T115600,2,25.80,44.00
20220404T115602,2,25.80,43.90
20220404T115603,2,25.90,43.90
20220404T115605,2,25.80,43.40
20220404T115606,2,25.80,43.70
20220404T115608,2,25.90,44.00
20220404T115609,2,25.80,43.40
20220404T115611,2,25.80,43.40
20220404T115612,2,25.80,43.90
20220404T115614,2,25.90,44.20
20220404T115615,2,25.90,43.50
20220404T115617,2,25.90,44.00
20220404T115618,2,25.90,43.70
20220404T115619,2,25.80,44.50
20220404T115621,2,25.80,44.00
20220404T115622,2,25.80,44.10
20220404T115624,2,25.80,44.00
20220404T115625,2,25.80,44.00
20220404T115627,2,25.80,44.00
20220404T115628,2,25.90,43.90
20220404T115630,2,25.90,43.50
20220404T115631,2,25.80,44.00
20220404T115633,2,25.90,43.40
20220404T115634,2,25.90,43.90
20220404T115636,2,25.90,44.00
20220404T115637,2,25.90,43.10
20220404T115639,2,25.90,44.00
20220404T115640,2,25.80,44.20
20220404T115641,2,25.90,43.70
20220404T115643,2,25.80,43.70
20220404T115644,2,25.90,43.40
20220404T115646,2,25.80,44.30
20220404T115647,2,25.90,44.20
20220404T115649,2,25.80,43.80
20220404T115650,3,25.90,43.70
20220404T115652,3,25.90,44.10
20220404T115653,3,25.80,44.20
20220404T115655,3,25.80,43.50
20220404T115656,3,25.80,44.10
20220404T115658,3,25.90,44.00
20220404T115659,3,25.80,43.40
20220404T115701,3,25.80,43.60
20220404T115702,3,25.80,43.50
20220404T115703,3,25.90,43.70
20220404T115705,3,25.90,43.50
20220404T115706,3,25.90,43.50
20220404T115708,3,25.90,44.00
20220404T115709,3,25.90,43.90
20220404T115711,3,25.80,43.90
20220404T115712,3,25.90,44.00
20220404T115714,3,25.90,44.00
20220404T115715,3,25.90,43.90
20220404T115717,3,25.90,43.80
20220404T115718,3,25.90,43.50
20220404T115720,3,25.80,43.70
20220404T115721,3,25.90,44.00
20220404T115723,3,25.90,44.00
20220404T115724,3,25.90,43.40
20220404T115726,3,26.00,43.70
20220404T115727,3,26.00,43.70
20220404T115728,3,25.90,44.00
20220404T115730,3,25.80,44.20
20220404T115731,3,25.90,44.00
20220404T115733,3,25.80,43.90
20220404T115734,3,25.90,43.90
20220404T115736,3,25.90,43.70
20220404T115737,3,25.90,43.70
20220404T115739,3,25.90,43.90
20220404T115740,3,25.90,43.80
20220404T115742,3,25.90,44.20
20220404T115743,3,26.00,44.50
20220404T115745,3,25.90,43.60
20220404T115746,3,25.90,43.90
20220404T115748,3,26.00,44.00
20220404T115749,3,26.00,44.00
20220404T115750,4,25.90,44.40
20220404T115752,4,25.90,44.30
20220404T115753,4,25.90,43.60
20220404T115755,4,26.00,43.70
20220404T115756,4,26.00,43.60
20220404T115758,4,25.90,43.50
20220404T115759,4,25.90,43.40
20220404T115801,4,25.90,43.40
20220404T115802,4,25.90,44.00
20220404T115804,4,25.90,44.00
20220404T115805,4,25.90,44.00
20220404T115807,4,26.00,44.00
20220404T115808,4,25.90,43.90
20220404T115810,4,26.00,44.00
20220404T115811,4,25.90,44.00
20220404T115812,4,26.00,43.70
20220404T115814,4,25.90,43.70
20220404T115815,4,26.00,43.80
20220404T115817,4,25.90,44.00
20220404T115818,4,25.90,44.00
20220404T115820,4,25.90,43.80
20220404T115821,4,25.90,43.50
20220404T115823,4,26.00,44.00
20220404T115824,4,25.90,44.00
20220404T115826,4,26.00,44.00
20220404T115827,4,25.90,44.00
20220404T115829,4,25.90,43.70
20220404T115830,4,25.90,43.70
20220404T115832,4,25.90,43.90
20220404T115833,4,26.00,44.00
20220404T115834,4,25.90,44.50
20220404T115836,4,25.90,44.10
20220404T115837,4,26.00,44.20
20220404T115839,4,26.00,43.90
20220404T115840,4,25.90,43.70
20220404T115842,4,26.00,43.70
20220404T115843,4,26.00,44.00
20220404T115845,4,25.90,44.00
20220404T115846,4,25.90,43.70
20220404T115848,4,26.00,44.00
20220404T115849,4,25.90,44.00
20220404T115851,5,26.00,43.90
20220404T115852,5,25.90,43.90
20220404T115854,5,25.90,43.80
20220404T115855,5,25.90,43.90
20220404T115857,5,25.90,44.30
20220404T115858,5,26.00,43.60
20220404T115859,5,26.00,43.60
20220404T115901,5,26.00,43.70
20220404T115902,5,26.00,44.00
20220404T115904,5,26.00,43.90
20220404T115905,5,25.90,43.60
20220404T115907,5,26.00,44.00
20220404T115908,5,26.00,44.00
20220404T115910,5,26.00,44.00
20220404T115911,5,26.00,43.90
20220404T115913,5,25.90,43.70
20220404T115914,5,26.00,44.00
20220404T115916,5,26.00,43.90
20220404T115917,5,26.00,43.60
20220404T115919,5,25.90,43.50
20220404T115920,5,26.00,43.70
20220404T115921,5,26.00,43.70
20220404T115923,5,26.00,43.80
20220404T115924,5,26.00,44.20
20220404T115926,5,26.00,43.80
20220404T115927,5,26.00,43.50
20220404T115929,5,26.00,43.70
20220404T115930,5,26.00,43.70
20220404T115932,5,26.10,43.70
20220404T115933,5,26.00,44.00
20220404T115935,5,26.10,43.50
20220404T115936,5,25.90,43.80
20220404T115938,5,26.00,44.00
20220404T115939,5,26.10,44.00
20220404T115941,5,26.10,44.00
20220404T115942,5,25.90,43.50
20220404T115944,5,25.90,43.60
20220404T115945,5,26.00,44.00
20220404T115946,5,25.90,43.40
20220404T115948,5,26.00,44.00
20220404T115949,5,26.00,44.20
20220404T115951,6,26.00,43.60
20220404T115952,6,26.00,44.00
20220404T115954,6,26.00,43.70
20220404T115955,6,26.00,44.00
20220404T115957,6,26.00,43.70
20220404T115958,6,26.00,43.40
20220404T120000,6,26.00,43.70
20220404T120001,6,25.90,43.90
20220404T120003,6,26.10,44.20
20220404T120004,6,26.00,43.60
20220404T120006,6,26.00,43.40
20220404T120007,6,26.10,43.90
20220404T120008,6,26.10,43.70
20220404T120010,6,26.00,44.20
20220404T120011,6,26.00,44.00
20220404T120013,6,26.10,43.50
20220404T120014,6,26.00,43.70
20220404T120016,6,26.00,43.60
20220404T120017,6,26.10,43.40
20220404T120019,6,26.00,43.70
20220404T120020,6,26.10,43.50
20220404T120022,6,26.10,43.40
20220404T120023,6,26.10,43.40
20220404T120025,6,26.00,44.00
20220404T120026,6,26.10,44.00
20220404T120028,6,26.10,43.60
20220404T120029,6,26.00,43.40
20220404T120031,6,26.00,44.30
20220404T120032,6,26.00,43.40
20220404T120033,6,26.00,43.50
20220404T120035,6,26.10,43.70
20220404T120036,6,26.00,44.00
20220404T120038,6,26.10,43.80
20220404T120039,6,26.10,43.70
20220404T120041,6,26.10,43.60
20220404T120042,6,26.00,44.00
20220404T120044,6,26.10,43.60
20220404T120045,6,26.00,43.90
20220404T120047,6,26.10,44.00
20220404T120048,6,26.10,43.70
20220404T120050,6,26.10,43.70
20220404T120051,6,26.00,44.00
20220404T120053,6,26.10,43.30
20220404T120054,6,26.00,43.60
20220404T120055,6,26.10,43.70
20220404T120057,6,26.10,43.70
20220404T120058,6,26.10,43.80
20220404T120100,6,26.10,43.10
20220404T120101,6,26.00,43.60
20220404T120103,6,26.10,43.40
20220404T120104,6,26.10,43.20
20220404T120106,6,26.10,43.60
20220404T120107,6,26.10,43.70
20220404T120109,6,26.10,43.60
20220404T120110,6,26.10,43.40
20220404T120112,6,26.10,43.60
20220404T120113,6,26.00,43.70
20220404T120115,6,26.10,43.10
20220404T120116,6,26.10,43.60
20220404T120118,6,26.00,43.60
20220404T120119,6,26.10,43.70
20220404T120120,6,26.00,43.40
20220404T120122,6,26.00,43.40
20220404T120123,6,26.10,43.50
20220404T120125,6,26.10,43.10
20220404T120126,6,26.10,43.60
20220404T120128,6,26.10,43.60
20220404T120129,6,26.00,43.60
20220404T120131,6,26.10,43.50
20220404T120132,6,26.10,43.60
20220404T120134,6,26.10,43.60
20220404T120135,6,26.10,43.50
20220404T120137,6,26.10,43.40
20220404T120138,6,26.10,43.60
20220404T120140,6,26.10,43.60
20220404T120141,6,26.10,43.40
20220404T120142,6,26.10,43.70
20220404T120144,6,26.10,43.40
20220404T120145,6,26.10,44.00
20220404T120147,6,26.10,43.40
20220404T120148,6,26.10,43.00
20220404T120150,0,26.10,43.90
